000000034134849499
000000127375988999
000000211280990599
000000304592240699
000000427705482599
000000516691681999
000000634462059699
000000729355918899
000000830893913799
000000936286990999
000001024964369399
000001143578589399
000001235525018899
000001346064791699
000001429548165399
000001524490619699
000001648694859499
000001724829876799
000001809040111699
000001916463215499
000002025708593099
000002124018667799
000002222776592399
000002302792048399
000002416545034399
000002548121792899
000002627933074999
000002725767519799
000002838703009399
000002911398531799
000003006235255499
000003120680684999
000003221425583799
000003335084941399
000003418206465799
000003506156927899
000003624173236299
000003741509026999
000003802719054099
000003915669271099
000004023409583199
000004135265249699
000004243064511199
000004321526027599
000004424288355199
000004511808279399
000004647441523899
000004729012350499
000004825253868799
000004912912970599
000005039573034299
000005112700121299
000005245075393499
000005333792018999
000005423162509399
000005541355869299
000005625748379799
000005718273513099
000005809346141899
000005931861135999
