000000002162456763632962
000000019872059855614237
000000004887254037756935
000000010254235462204938
000000001021041612946851
000000000452836567664022
000000003049235289583382
000000014812885669353636
000000006613897724723063
000000004484947846880017
000000008545352593307088
000000004879521517880927
000000001314897794171065
000000014456488510436389
000000018095279294810743
000000018027858910923937
000000016141943719347020
000000017151363694797479
000000008241963089589380
000000009388523667739059
000000014802092276517537
000000010813427772159184
000000019630542580082567
000000019671628568602453
000000017705233018419685
000000001828414348608337
000000009010675033441725
000000003128158820665259
000000016887563975037953
000000007313118477831624
000000007364143259927285
000000003209337773126246
000000013727589482795439
000000008918165152142143
000000002062766428521870
000000009360932226983793
000000014149679518745544
000000009957197538624515
000000001222426740581981
000000010548123950412193
000000015508342217897977
000000017890761461825454
000000002740848505430835
000000011805378680377323
000000004905287146300596
000000019204235505748727
000000014944668326277129
000000009052343370402872
000000011823763271387240
000000018172744093565760
000000002926872037502285
000000016389604603671785
000000007208749231980445
000000011851368338305970
000000009604793143105122
000000009479763665620038
000000007749316326896515
000000013481483837119169
000000018976142566601674
000000001556247998175856
000000002675217336468635
000000004710683548665634
000000013590155292907663
000000016561551689716623
000000008244401131155362
000000007740658281318199
000000008363881352125186
000000017484276123173152
000000019519222680084334
000000013256854060141873
000000011136859505485191
000000006092211543490751
000000005002599540519838
000000008692057357489171
000000003954818224419485
000000008822404004433535
000000003890323605974475
000000017345396279138251
000000006721567637771990
000000006397673648090850
000000005819203250439212
000000017386729851599533
000000006473663546898868
000000015846769271227384
000000015371083309345189
000000008307608013192834
000000007829075304534027
000000011602186307204373
000000008684528466576632
000000013115317967269914
000000003319309514543437
000000014794968116912221
000000019330968219643830
000000002263088178249415
000000012458478028061693
000000000375682937393061
000000010382261412670762
000000018425409989021359
000000005106039995487522
000000010586723037093678
000000012363544539176951
000000003957012742884322
000000018374651935674588
000000009502705924412417
000000017682571940880684
000000011470363685242656
000000015162772945688134
000000006734833995768342
000000010032642973973975
000000008129506612982882
000000004279495162630643
000000008930608007323210
000000001383248382585161
000000011701822874224145
000000008747052029447858
000000001753419903656972
000000000698909801494452
000000008821883325193861
000000007963917979502988
000000016945708033723564
000000011345254635898570
000000017612678858020697
000000017741774144633712
000000013979077012934851
000000019412674611050264
000000014130979444368366
000000010897208760959147
000000005790559065906150
000000017136554151814348
000000005356657350873233
000000005649299684110014
000000016190723823794549
000000009451636066667327
000000012990119734995644
000000016548401616714195
000000008264132832496157
000000010849088314184984
000000017563575641102655
000000000484704328678824
000000015779524659582963
000000018600437836023381
000000007250777843505772
000000014320812648631710
000000004960184293024333
000000003320674723796461
000000000103752205344529
000000013570902375144184
000000000074684442757322
000000009559349550115384
000000011535906223757530
000000013658557812591098
000000015665079361512917
000000019787289189833047
000000016795263388024283
000000018287151544366733
000000002022677413295319
000000006083083449979815
000000009991012731415056
000000010265933694643597
000000004568866553458771
000000009022265154697297
000000006845667604115934
000000018703553918636293
000000007478812181398841
000000011181219110466228
000000004274369467592271
000000004190162107486125
000000013953504981540388
000000009976133045138712
000000005152068593989127
000000009719389673633071
000000003148242155420966
000000003240796895412811
000000003797756487800257
000000017443674588529948
000000001203699448098849
000000018967523135571431
000000001130357227010247
000000006256994812047355
000000001073335303286119
000000004194187426400719
000000016222677484028190
000000015661449004961432
000000018491789953441113
000000005375102758950167
000000018753214506177843
000000008037693789823652
000000002416587690949636
000000003432397628387354
000000010102019701214025
000000001860046151581495
000000010531966702857550
000000010697026557114982
000000013136717147005811
000000016465584228264636
000000005566917389505841
000000012487292676102961
000000014294516769327843
000000016095002466674254
000000002816133460324511
000000011698535671510940
000000003740765009637243
000000016481108210349893
000000009718167453095961
000000008193087168553224
000000006102048222945685
000000019212831377001848
000000004588882845958720
000000004022998556010752
000000012582091190604364
000000002790186721082095
000000009536132739718787
000000014993432498129294
000000009638062772825048
000000002254692624166720
000000015788365631069751
000000017345687270492716
000000007893949709903628
000000007849375715562487
000000016952433771247857
000000014670422597670319
000000013862235294781052
000000015944756129716248
000000011005359969851282
000000007015945375981817
000000006320835669404353
000000014520507923268542
000000000150747482414058
000000018213237400870913
000000015056771929585468
000000015268767117078819
000000016732527656892668
000000014670243304514287
000000005700001721402298
000000011319647396804939
000000016694034000811412
000000005534488379643093
000000004345612579073458
000000012174152148789915
000000007996653859814177
000000015379389393082884
000000009807058366691468
000000000807896004308865
000000015471578152566556
000000007101027896241874
000000018664389805800513
000000015013619677000132
000000015464926070949624
000000014747482182172341
000000018331058007416495
000000004797222042856055
000000011169957470727236
000000011269609324320351
000000008739875186818763
000000017131313668646289
000000003504673738606736
000000005171518871235890
000000004387946486748520
000000005419853599630579
000000002447938104906373
000000018581225724197649
000000000117468162591673
000000001132863676498761
000000007065351690747149
000000011672559766084683
000000006560278722137711
000000000838939469217950
000000017995042030423483
000000014825818302691647
000000011061696112238162
000000011456261021977016
000000003005831059187421
000000012254758982856774
000000001814302143638288
000000002685196584415089
000000011997286718751386
000000000733761327087679
000000013357608645656093
000000006814949474049887
000000003871546683453444
000000018131472545814189
000000001720281948230356
000000006462128182177049
000000012514671223796537
000000003098825052939765
000000004642051451774031
000000018867422712959190
000000010041462395486410
000000010745473204927213
000000007618308857872373
000000017719571874332317
000000002725047191366994
000000010465503149545125
000000017062725314300643
000000010232092592491929
000000001434864403082471
000000000388274729142074
000000013684509765872021
000000008497922590723178
000000008512568270565691
000000011227687736298330
000000010687153857124279
000000019030001454855732
000000013092829479963747
000000013457635795537612
000000018660992616749079
000000002831396547428149
000000002817449057793485
000000018802426825809658
000000005605713071510271
000000004660923698203179
000000012394559075741986
000000012146124861211743
000000001156296688350364
000000015546696722291264
000000012884303378828781
000000002392548103989873
000000003699471091264028
000000014334038333679559
000000009666606526458883
000000007388401122173293
000000004657118858894069
000000018700663050603045
000000017527592777091619
000000000726231149976531
000000003607477857721918
000000013369598602952159
000000016612165725080714
000000014165448458371913
000000017953327098487539
000000019850625067654194
000000007907845325884139
000000012418153838645170
000000005270899028987367
000000018977937090945681
000000016357476264475549
000000005308346415794194
000000003814621668260787
000000006273259032784337
000000002580076697277030
000000015446736680309738
000000017494895203717846
000000017877042998472419
000000006917217348188345
000000002090572738315726
000000007290752057387336
000000016383708892213772
000000005860439729263132
000000017280358254606544
000000006589227432209919
000000012207654095229953
000000004820871040349641
000000003643737089442247
000000012176673820727311
000000006638666384824773
000000013588723081704899
000000016035674502437814
000000012747143659902049
000000001705699094251978
000000007089669066166771
000000003989979832472772
000000000852134589890034
000000001997124269812749
000000002910243265125085
000000019069832490436062
000000003413208572796242
000000004444898060030129
000000008973355663569743
000000005435064828652220
000000012655204413077966
000000008662996405078146
000000012098734559893894
000000015891869441399315
000000010763847342013110
000000002145149486230623
000000019275331990877435
000000006607981909303532
000000017610755256788963
000000007556639226725298
000000010180656954290681
000000011918466714087588
000000000908663967772956
000000008581588256942319
000000003314519341713590
000000005424438980790971
000000017274174194774074
000000006449548515731263
000000005940534274405795
000000019713677368096745
000000011993394915577043
000000010160184244480818
000000000564149910744385
000000015975553022831748
000000018178571423417877
000000018390648272178012
000000018026065908432223
000000005025494517700353
000000010045706261171686
000000008474528194171195
000000000023302465757923
000000000570942468971256
000000019106708776765641
000000001306165216466732
000000018504084197342548
000000003539353780553377
000000010602063351654061
000000016853753412372633
000000008061489348816433
000000000065281369598919
000000005761306248204679
000000002664543836431314
000000010326063545203791
000000015846432699995556
000000011753878413428192
000000013252913034714660
000000016135375725259574
000000011558008550693644
000000007415082958738563
000000019992563099171753
000000013791666736780535
000000009271327783037355
000000016037407546085121
000000011595182811945358
000000015097526894650624
000000009150895130668633
000000009286473151194727
000000007734298300439669
000000014397965191033652
000000015117737633426333
000000000651683876072552
000000002404779576066558
000000018551371472457314
000000016665813918462013
000000006013439135521468
000000007512282139239053
000000009161663682253551
000000006176953669435398
000000015611901140988053
000000002502018908069851
000000001448342653259931
000000006397329320922711
000000001214431388572441
000000006509645038658992
000000013879966722730448
000000008435485340639785
000000019905091453738375
000000000214551862369320
000000006964105678741216
000000011008533049542137
000000010782303325432462
000000010996695113873884
000000014509466157074958
000000003182482653811124
000000019425974656922229
000000006804549170488927
000000004429834390584877
000000013680369159882852
000000011435023916272045
000000019523266551562671
000000001509248161170419
000000019936894061624379
000000018883296516303710
000000000567152339638028
000000006242228108055945
000000009825915964577268
000000000639076468834029
000000004247614009717721
000000012874926422561843
000000005854385804174863
000000019837413955643783
000000015529311091194149
000000010946368569473413
000000000281065105545265
000000017033519067050531
000000000902454926317195
000000012961845346663354
000000003738398644428297
000000016829785649273952
000000016488917757208289
000000009113263724564725
000000009241307326803370
000000001435584889437868
000000006741856196609868
000000012092313952414391
000000015785106077088925
000000007648725800065191
000000016257987442965322
000000012210736984988556
000000004996898707323236
000000017906186670284919
000000014453713824654314
000000003518684011239059
000000019681557919112889
000000013331833622870924
000000019112756960211543
000000012971784293199869
000000009766759464576389
000000017534597213565087
000000007545504365546739
000000003271076190857023
000000005507804486190797
000000019011684695822581
000000012359832846045041
000000015198318526270718
000000012654597269519942
000000019401752478411483
000000011373659964078656
000000000786617626891362
000000017892616653012720
000000012797931732550442
000000013035037994616765
000000007118791526719254
000000014258787947425367
000000001934164212864457
000000008738111785143737
000000004522746511438432
000000000954838577033561
000000019780597670603927
000000004128843744938328
000000005290599704403788
000000005241897115673560
000000014461097159382382
000000001642321940832941
000000009344529905649855
000000014035512511844747
000000002358562716392038
000000012839145791403387
000000010419883774738097
000000008000171311068474
000000016779885144505662
000000012613405506999687
000000001645426783417258
000000013901675901466686
000000013044058964682071
000000006975418139396327
000000002961643309021654
000000014222853507111598
000000004356144545696634
000000013436831075838762
000000002110731996163366
000000004029669579451798
000000010377961805534798
000000012071335468413534
000000015261168694511415
000000016582592524445440
000000019187155421019295
000000001017033724892844
000000019599317602941568
000000013719869127266624
000000010492287280224498
000000018414262884476148
000000013180582727031614
000000015901293215206362
000000013837537246922570
000000000421611027065265
000000014784052427704958
000000008372817591482110
000000015332491831440495
000000014915668387737574
000000010981216526287548
000000015213184551074316
000000019334755295218221
000000016251601942457783
000000001581574919468885
000000004744456693675927
000000002581399736766992
000000005918001920914356
000000004070677595263632
000000014066941274730120
000000016973541346433816
000000014637713632953798
000000001622185780131961
000000005030456086448433
000000008187328641593172
000000014064105118648219
000000007158337111622333
000000012790989281234118
000000007462007525734922
000000001968251683257620
000000012538044923971075
000000007671988737564987
000000009413158071121211
000000005622457555723829
000000002275006886447318
000000017278959408031924
000000003433632258510847
000000014513822286440677
000000006190505220891698
000000017083951724191731
000000000325291019263424
000000009832711212312081
000000002320989592574074
000000005968987746255057
000000013228356785296946
000000008881726235624322
000000000246396925940675
000000019351431283820987
000000018278483573551263
000000011775113578723037
000000011292428201219923
