00000001022123499
00000001582591499
00000000692221499
00000000431706099
00000000902724099
00000000492022699
00000000771707499
00000000231714299
00000001061756399
00000000212189899
00000000862103699
00000001611603799
00000000791377699
00000000701700799
00000001821752499
00000000512860899
00000001702218299
00000000811847299
00000001551279499
00000001221693299
00000001292736399
00000000641522299
00000001851770799
00000000261767299
00000000331973299
00000001912234899
00000000112512399
00000000421615699
00000001941968999
00000001611831099
00000000141398999
00000001392027799
00000001792249799
00000001261710699
00000001862382099
00000001642605599
00000000842023999
00000000001470499
00000001461233199
00000001841205799
00000000041956399
00000001491648599
00000000681925999
00000000461172099
00000000031207699
00000000721651499
00000000352008299
00000000112235799
00000000132750199
00000001302075799
00000001801657699
00000001091521599
00000000511827599
00000001181338499
00000001522872699
00000000071838299
00000000312135699
00000001571120699
00000001672609099
00000001902184199
00000000132330899
00000000741481399
00000001602617599
00000001722484199
00000001561346399
00000000501260399
00000001191765899
00000000971985699
00000000111571899
00000001202797499
00000000782325199
00000001531726799
00000001001684999
00000000192321599
00000001571176299
00000000101628899
00000001292080699
00000001921292099
00000001482873299
00000001051876599
00000001772865099
00000001901881399
00000001272614099
00000001732651299
00000000552371099
00000000162384099
00000001901650199
00000000901000099
00000001082312399
00000000332253199
00000001742778199
00000000212891699
00000000881446599
00000000302312999
00000000971656899
00000000392361499
00000001802203999
00000001052949899
00000000191793199
00000000261079299
00000000082078599
00000001351374599
00000001441709199
00000001132614899
00000000992583799
00000001382687099
00000000311450199
00000000662281299
00000001751436299
00000001072791099
00000000311966499
00000001342299899
00000000731230399
00000001491444499
00000000321755999
00000000291070899
00000000342015999
00000001031097999
00000000942690699
00000001652287499
00000001042714099
00000001461450399
00000000092035099
00000001772272299
00000000081992499
00000001912421099
00000000221576699
00000001302684699
00000000751103299
00000000191935599
00000000911596699
00000000761936699
00000001761751499
00000001862371399
00000000282072999
00000001992869099
00000000321417599
00000000562587899
00000001211235399
00000000611119599
00000000001479199
00000000301235699
00000001371596999
00000001222993899
00000000272612799
00000000551948199
00000001261475399
00000000981427399
00000000151319899
00000000742554699
00000001781007699
00000001671864899
00000000091912099
00000000991203299
00000001542299599
00000000872486399
00000000201788399
00000001311322799
00000000721040499
00000001781529299
00000001691340399
00000001931641599
00000001092070199
00000000362093299
00000001122161699
00000000042686799
00000000861405799
00000000881783099
00000001141219499
00000001282296499
00000001841194099
00000001711769199
00000001931238499
00000001512301299
00000000651726699
00000001792674599
00000000411533699
00000001212265299
00000001402352699
00000001922174899
00000000332609999
00000001712277899
00000001342014599
00000000082701199
00000000471245799
00000001471388799
00000000782788299
00000001702828499
00000001181669799
00000001611180499
00000000932333399
00000001591675499
00000000892454299
00000000502654899
00000000011767699
00000000601648399
00000000511432799
00000001552282499
00000001051483299
00000000491775499
00000001741820199
00000000321614199
00000000022067599
00000000402541299
00000000181569399
00000001382805099
00000000672893799
00000000881940099
00000001541236399
00000000872388899
00000001441017899
00000001891761299
00000001751856599
00000000771861699
00000000451458299
00000001411061899
00000000141353299
00000001022349899
00000001032288299
00000001261996299
00000000221769899
00000001741010599
00000000841946399
00000001872023799
00000000042256899
00000001981619599
00000001722276199
00000000822398699
00000000662512599
00000001672587699
00000001151563099
00000001012054799
00000000382082799
00000000951134999
00000000852276499
00000000811867999
00000000801452899
00000001132569599
00000001182480799
00000000491706199
00000001692703499
00000000032343299
00000000092001599
00000001651767299
00000001651158299
00000000992161599
00000001312679299
00000001372768399
00000001682767299
00000000622264599
00000001281108999
00000001112800099
00000001082254299
00000000902350199
00000000272375699
00000001352330699
00000001272365499
00000001311747199
00000001942908199
00000000102685799
00000001462354999
00000001621058099
00000000481967999
00000001631262899
00000001141686699
00000000631588699
00000001992796599
00000000792537599
00000001682151199
00000000432856099
00000001402247899
00000001432597199
00000000361354899
00000001812349799
00000001891063199
00000001101742899
00000001361627299
00000001621941199
00000000932760199
00000001721973499
00000000681877599
00000001991341699
00000000831717799
00000000402251299
00000001591136899
00000000011719899
00000000131261599
00000001731951899
00000000582610999
00000001971132199
00000001122999499
00000000292173399
00000001242690299
00000000301902099
00000000052422999
00000000051921499
00000001192209299
00000001332990599
00000001291513999
00000000281205499
00000000531747199
00000000691068799
00000000232573899
00000000751829399
00000001662037799
00000000592677399
00000001161494999
00000000611765499
00000001372756099
00000001942391399
00000000412124099
00000000251221599
00000000002603199
00000000352270799
00000001811780599
00000001352969199
00000000071114699
00000001302423399
00000001102785099
00000001332936499
00000000572077099
00000000061920799
00000001871895299
00000000371460699
00000001382523699
00000000072748299
00000000892966199
00000000151720999
00000000151815099
00000001252358699
00000001582245899
00000001521184599
00000001201224699
00000000631500399
00000001091273499
00000001002162699
00000000622157999
00000001232418299
00000000201528399
00000000652358999
00000001882398399
00000000752571699
00000000452764699
00000001081156499
00000001121078399
00000001832257199
00000000341858799
00000001961141299
00000001012899799
00000001151150499
00000000661866099
00000001041401699
00000001171601799
00000001442712199
00000001202086199
00000001421111399
00000000172258899
00000000391249499
00000001162100999
00000000852364799
00000001421238799
00000000712404299
00000001802127799
00000000421817799
00000001881482899
00000000652733299
00000000762056399
00000000531940699
00000000622623699
00000000222773299
00000001661994599
00000001422397899
00000000762106599
00000000852911199
00000000252906299
00000000701507699
00000000542661899
00000000442986399
00000000791642799
00000000611861599
00000000571409999
00000001571078099
00000001631259999
00000000011314399
00000001392157299
00000001412861499
00000001402851799
00000000741442299
00000001221906399
00000001431826799
00000001242546299
00000000101967099
00000000341680499
00000001002215899
00000000732012999
00000000021036199
00000000142796899
00000001072490799
00000000802984999
00000001362043099
00000000352278499
00000001822532899
00000000921571399
00000000241279399
00000000121653799
00000000832989399
00000001141718499
00000000522870099
00000000722432699
00000001452023899
00000000541595599
00000000642722299
00000001641073799
00000001541991299
00000000582702799
00000001062045499
00000000671619299
00000000641609499
00000000122190599
00000000452965799
00000001341288399
00000000552681599
00000001531376499
00000001692884599
00000001241788999
00000000422296799
00000000381628999
00000000982939799
00000000711080999
00000000061679299
00000000441498199
00000000941864599
00000001831036999
00000001832339299
00000001602055999
00000001581995599
00000000501433999
00000001452625599
00000000601592199
00000000951872299
00000000372622599
00000001361071699
00000000932196599
00000000231716099
00000000252155599
00000001192432199
00000000961483899
00000000161575499
00000000862307699
00000001282251699
00000000971029199
00000001872489299
00000001962103999
00000000702226799
00000001592429499
00000001822814199
00000000821795699
00000001102333399
00000000291375999
00000001212687299
00000000061739999
00000001951108399
00000000521343199
00000000472004399
00000001152519599
00000001251592899
00000001512058299
00000000711453399
00000000272018599
00000001971370099
00000000601934099
00000001562736299
00000001791446799
00000000592081699
00000001682204299
00000001762582499
00000001481653299
00000001931730599
00000000172159799
00000000022037299
00000001451233699
00000001171572399
00000000922600899
00000000812505899
00000001981384099
00000001521166799
00000000462038599
00000000462640199
00000000521467099
00000001911393899
00000001112507899
00000001882691999
00000000121234199
00000000032569999
00000000181083599
00000001132655699
00000001971652799
00000000531201099
00000000912415699
00000001482055799
00000000361633199
00000001772140699
00000000632398099
00000001761509299
00000000482347099
00000001601201299
00000000172980199
00000001952146599
00000001332660899
00000001231260199
00000000801612699
00000001412209599
00000001472417999
00000000542258099
00000000772244599
00000001041844199
00000000871709999
00000001391339499
00000000481631499
00000001641977099
00000001961108499
00000001711888199
00000000951470999
00000001662806099
00000000831320799
00000000961807099
00000000732394999
00000001622447699
00000001502573799
00000000201472699
00000000692473399
00000000912769199
00000001562157399
00000000432493099
00000000672584499
00000000892627199
00000001861369399
00000001551875099
00000000781203599
00000000402346799
00000000392632599
00000001431264299
00000000411700099
00000001731474599
00000000841683099
00000001811457199
00000000211071599
00000000282957599
00000001532131399
00000001032837999
00000001492889599
00000000942885399
00000001322394099
00000001022586899
00000000581367199
00000000372297099
00000000562755999
00000000592054899
00000001501173299
00000000051799399
00000001112737099
00000001272222799
00000001062300899
00000000241664899
00000001851372899
00000000382963599
00000001841967499
00000001702924099
00000000182200299
00000001232513899
00000001632670699
00000001751125799
00000001172780599
00000000261551299
00000000471683599
00000001472897799
00000000982680499
00000001851412499
00000001981214399
00000001501140299
00000001251028499
00000000962238999
00000001921712499
00000001321683399
00000000572726499
00000000821830499
00000000682191599
00000000441242099
00000000242540899
00000001892083399
00000001321289299
00000001951634499
00000000561159199
00000001012215399
00000001512495599
00000000921685499
00000000161883299
00000001071125499
00000001781689999
00000001161321699
