000000006358789953559995570799213689947101991393599956009948697995675499218759903617995308899
000000104403649977627993153499377929969430994596099512719916825990055699976759994603990012999
000000236305809914598992434499502209966191990455599239789952681996087299445169938790997092799
000000319539379967513999559399096369934324994686099859839978614991940599887129938725994915999
000000427807909935284990700199725839993078996313399263899967203997898499703279929206997424699
000000547240249948568998257599398949932688996591099504759954643998204799344999936078994846699
000000615190589920006999968899562309912437998784999573369952532992711999748639937285995547299
000000720612889933158995551499736509980106991286399405009978766993308699150299939331994188799
000000837404819980694991887699579699987581993597599452839975223998027999082379963627994726299
000000913832389900891998463499378089933511997831399797659943464991745199357929925387993387699
000001003160109910009992387999933439967066999030299260089919308992216299783289958514997589799
000001130463199916428999662999613609966524995857199192509917114998968299152759915638994546499
000001217557809954104993030699070669955920992413199028419936569990420699383379980903994125499
000001301950969964013990979399165659964972996569799911099936004999028799187319907661998660399
000001439864819957310994547599890189920923996939499414519987191992748199769489925669996493199
000001523473699929979996595399712159964369995796499836689981215999182999478819988701997064199
000001614832119905752996228299271939997425998870599366689924871990015399080429968477990912199
000001731428539985898997419599673489925620992477699019159935570992041499923459987520993245199
000001849627659958120994630299282609980329990276299586439920740995838699594679972667997506699
000001911654189939705995908099033819920527997835799730179984888993993299187029978979990272399
000002028671959938213992351799469789995585995991799070969915629998359799805889943610998212799
000002130793439970366996413599247889934318991361599113889965075996507199514209996546991341099
000002206682579969284995000999916149975560992272199785899921299998537399790409944689991976099
000002308458459920503991173299550679938112991589899210119913676996620099567589944919998004899
000002449752089952129998175899551009942937999387199209339938484991811999098539954322994648099
000002502768969926740994322099522659907495996447799843999909211996709399095439953117990320499
000002638819409929975995201299801709922271995186899866249994369997620499138119912944999153799
000002710852349980831995527099434719925927997784099369039916810990307099435849919692998183399
000002841714929901879998113799398289954113993884399445859972823998829799206519950150994094399
000002921784959977986999360299620739933497997723899123799968780998177399097379965455990160699
000003019369419977648998558199250009964668996551699912279963549994008899677139942302999178799
000003148146299907238992926199786149981244994103099998519984590993542799708399927421995694399
000003248058189989093996300499866939987597999015599321789931564991689199808579947096999222599
000003306032409979543995403499189119954488999128899480999953575999292299789799929083990567099
000003430062759938726996972699569679964787997465399846479994092996397199446069920260993196599
000003515127599914135999732599944189998443990887499522979914038995402899172759912337994027799
000003622215289925077995835899020779936507999677499846749920389992821499925339943537994710199
000003718609809927072999953999320329958889999935199872799996194993014499046449954829991380999
000003830964739992823996669099357829920475995194599691939977842992303899480549983794994371599
000003912361619953221992102499931029924740994422999299389939606992045299967009906217999554899
000004020428619964834999338199155169979702992812899624149943702994741099979529927071994675499
000004132959239912820998224299777019922789996998499868069934075998677699371159944938990874699
000004247046319939522998205099325319984729996123599297719954591998054899109619948092996425899
000004315870429915149994551499451039919892998726799140329932644997997099827819977022999571299
000004438177829938688997749399201079983183996447499146439907489999420399657259913266994896399
000004515458959923381995253099885739936337998097999599119991438997410499478949972583991222299
000004622739759933851992223099080299903535990861099479859973102998982899508569910747995993499
000004729762299920706995972599513889917135992320399037809921464999068999860249914342999922399
000004822180599904206993219599422759969715990405499700399966516992163599856639925544993513099
000004905503939979145996195999889339975018994677899487899998098999018699912599927249990602699
000005041560229941943991902899286099954281998993099766629906687995876299590659941826997607799
000005114583309970643998187599181159972894997598699692189914748996756499686529951359991717899
000005249319649929501993731899238619913372994533599647739964300999103499565969916926998731499
000005345498909968329993722499064119911484992316899977559911909995035299659399941193996273499
000005420706269962374992447199782599935467996129999122899979602992830899497429980622990506699
000005514533549909359998832499683059929780994341499672149906830997163899273689981189991832899
000005618962229905690999058099232109917152994789399082389917497993171599319179917711991477499
000005735927299911466995170499910709987278995942199536479975508991928599168459978374995203399
000005819442949967450999315099797159987019995918099746229954076991611599450689983251996679799
000005924930329983687998403999954439989179992503699224679992726994701299363549936664995342799
